$ 1 0.000005 13.097415321081861 40 5 50 5e-11
l 208 128 320 128 0 0.14 -0.051784582761374015 0
l 448 208 448 304 0 0.06 -0.09148189668297584 0
c 448 208 320 208 0 0.00007999999999999999 -10.400585327500808 0.001
r 208 208 320 208 0 13
r 320 304 448 304 0 12
c 208 304 320 304 0 0.00015999999999999999 4.847771780236452 0.001
w 208 128 208 208 0
w 208 208 208 304 0
v 320 208 320 304 0 1 60 5 0 0 0.5
v 320 128 448 128 0 1 60 5 0 0 0.5
w 448 128 448 208 0
o 1 64 0 x87013 5.039631061234402 0.22280054369396632 0 2 2 0 1 3 0.2 0
